
Predictions(GD) 	 Predictions(C) 	 True Value
0.42028			 0.426545			 0.389343
3.48523			 3.49016			 3.50473
0.23916			 0.269469			 0.293813
1.50802			 1.50769			 1.48716
4.51391			 4.51216			 4.47337
0.516874			 0.514202			 0.493671
0.747319			 0.736204			 0.711773
2.40486			 2.41464			 2.45624
0.357356			 0.35577			 0.377733
5.00009			 5.00074			 5.03013
0.306499			 0.29646			 0.318048
0.309449			 0.299422			 0.274466
4.3386			 4.33688			 4.34086
0.254684			 0.270243			 0.303592
0.28564			 0.279399			 0.243834
0.223063			 0.257306			 0.220867
0.290867			 0.282938			 0.247714
4.65756			 4.65617			 4.69301
5.83455			 5.84226			 5.7881
0.76011			 0.749611			 0.781212
3.39137			 3.39739			 3.35379
1.91391			 1.91702			 1.87609
0.746393			 0.735236			 0.710539
0.26178			 0.270712			 0.311187
0.524914			 0.52118			 0.477527
0.464434			 0.468355			 0.453496
0.619737			 0.607331			 0.638917
5.96085			 5.96903			 5.9676
1.19543			 1.19697			 1.18642
0.466228			 0.469964			 0.428607
4.50555			 4.5038			 4.52662
1.95129			 1.95498			 1.96816
0.230302			 0.265658			 0.193931
0.778237			 0.768672			 0.769401
1.05185			 1.05303			 1.05142
4.20893			 4.20757			 4.23325
2.81195			 2.82285			 2.78195
5.71025			 5.7172			 5.68132
0.54599			 0.539625			 0.502918
0.877683			 0.873447			 0.851805
0.271807			 0.272862			 0.322159
0.205268			 0.189269			 0.226667
1.25523			 1.25638			 1.29476
0.23016			 0.265551			 0.202678
1.35524			 1.3556			 1.34015
5.92976			 5.93785			 5.9427
1.6381			 1.6381			 1.65055
0.281043			 0.276759			 0.298467
0.368139			 0.368832			 0.396348
1.49402			 1.49371			 1.52867
0.40178			 0.407238			 0.436606
1.51899			 1.51865			 1.47748
0.530644			 0.52617			 0.484526
1.55935			 1.55904			 1.57681
3.76803			 3.76985			 3.7861
4.38294			 4.38116			 4.43132
1.84323			 1.84533			 1.82137
0.617821			 0.605499			 0.605888
1.30044			 1.30124			 1.29873
0.334764			 0.328125			 0.385568
1.90914			 1.91219			 1.86347
0.323208			 0.314454			 0.307091
1.07424			 1.07566			 1.0343
1.98539			 1.9896			 1.97339
0.380542			 0.383465			 0.42191
0.393035			 0.397658			 0.370547
0.357112			 0.355471			 0.312642
2.17868			 2.18582			 2.19679
1.0387			 1.03969			 1.00376
0.310522			 0.300526			 0.299878
4.1359			 4.13486			 4.1516
0.39226			 0.396795			 0.378336
0.247071			 0.270156			 0.259055
1.9904			 1.99468			 2.03966
3.31443			 3.32133			 3.36347
1.03314			 1.03404			 1.05351
0.834393			 0.827902			 0.798919
0.632052			 0.619196			 0.605084
0.589078			 0.578492			 0.62765
0.642574			 0.629456			 0.598223
0.274111			 0.273656			 0.247773
1.16665			 1.1683			 1.17694
1.16713			 1.16878			 1.13428
0.558175			 0.550436			 0.551945
0.287337			 0.280487			 0.282332
0.323385			 0.314659			 0.362452
0.230483			 0.265792			 0.219881
1.54034			 1.54001			 1.53519
1.37343			 1.37366			 1.36842
2.0999			 2.10588			 2.05798
0.48597			 0.48739			 0.511525
0.35188			 0.34906			 0.374267
0.567023			 0.558371			 0.56189
2.76604			 2.77704			 2.76486
1.36136			 1.36168			 1.34536
0.485141			 0.486666			 0.442934
0.199428			 0.139505			 0.198681
3.4748			 3.47985			 3.43234
0.334649			 0.327985			 0.317037
0.214474			 0.235957			 0.223163
0.238012			 0.269221			 0.21505
0.354986			 0.35287			 0.404107
0.889237			 0.885556			 0.859463
1.57243			 1.57215			 1.58402
0.285276			 0.279174			 0.274148
0.337829			 0.33184			 0.310902
2.22104			 2.22876			 2.19495
0.386834			 0.390687			 0.397441
0.203033			 0.172483			 0.248776
0.921531			 0.919268			 0.939912
1.70663			 1.70715			 1.6681
2.30524			 2.31401			 2.29969
1.20446			 1.20595			 1.23794
1.05883			 1.06009			 1.01208
0.560436			 0.552457			 0.533359
1.6863			 1.68664			 1.65502
3.26376			 3.27121			 3.28258
5.10221			 5.10372			 5.11144
0.726984			 0.714998			 0.707779
0.962181			 0.961388			 0.959727
0.195108			 0.0884608			 0.17932
0.615865			 0.603633			 0.599567
5.48968			 5.49481			 5.47768
2.30911			 2.31792			 2.2716
0.733825			 0.722116			 0.682592
0.224108			 0.258938			 0.222002
0.225881			 0.26134			 0.204209
6.03329			 6.04156			 6.0643
1.64788			 1.64794			 1.60882
3.75861			 3.76052			 3.80885
6.71194			 6.71179			 6.73136
3.78201			 3.78369			 3.82395
0.659995			 0.646671			 0.681485
0.892258			 0.888718			 0.848177
1.9581			 1.96189			 1.99427
4.72722			 4.72612			 4.77162
2.33661			 2.34573			 2.3871
3.72225			 3.72453			 3.76796
0.1978			 0.121885			 0.167342
0.320559			 0.311431			 0.370503
4.30035			 4.2987			 4.31699
2.23924			 2.2472			 2.23214
1.24035			 1.24162			 1.18912
1.82346			 1.82529			 1.85488
1.41111			 1.41111			 1.38428
3.27855			 3.28584			 3.25093
0.857455			 0.852194			 0.843385
0.194938			 0.0861659			 0.199721
5.27442			 5.27752			 5.26222
0.256233			 0.270293			 0.263962
1.00128			 1.00155			 1.00195
0.364187			 0.364074			 0.381787
1.53584			 1.53551			 1.50518
1.75981			 1.76087			 1.79264
1.70705			 1.70758			 1.75559
2.29186			 2.30047			 2.2944
1.04837			 1.0495			 1.01793
2.91983			 2.93025			 2.87909
0.281264			 0.276875			 0.33581
0.250328			 0.27019			 0.287341
0.482119			 0.484022			 0.5075
1.80592			 1.80753			 1.84702
0.498216			 0.498042			 0.520421
2.59777			 2.60868			 2.56246
0.42949			 0.435707			 0.413874
0.930411			 0.928501			 0.969841
1.13221			 1.13391			 1.12651
0.503083			 0.502259			 0.459117
0.518328			 0.515462			 0.519619
0.736274			 0.724668			 0.721842
2.17957			 2.18673			 2.15972
3.20967			 3.21769			 3.20575
0.255099			 0.270254			 0.268792
5.84688			 5.85464			 5.85372
0.251179			 0.270196			 0.243126
0.280377			 0.276414			 0.328657
5.84871			 5.85649			 5.88848
0.388084			 0.392104			 0.355169
0.887765			 0.884015			 0.888896
0.823888			 0.816821			 0.817301
0.414			 0.420132			 0.373312
0.601402			 0.589962			 0.590414
0.320064			 0.310872			 0.341895
4.93581			 4.93597			 4.94325
0.353932			 0.351579			 0.314956
0.217464			 0.245244			 0.188466
1.78451			 1.78585			 1.82949
0.38521			 0.388836			 0.417598
6.3207			 6.32779			 6.34984
2.42327			 2.43321			 2.45856
0.335806			 0.329385			 0.36955
0.84033			 0.83416			 0.848024
2.28581			 2.29434			 2.2701
4.30163			 4.29999			 4.28329
0.427338			 0.433592			 0.422716
0.846378			 0.840532			 0.798369
1.90836			 1.91139			 1.87783
2.62489			 2.63587			 2.6191
1.84344			 1.84554			 1.81687
0.198242			 0.126847			 0.165698
1.68984			 1.69021			 1.64498
0.604674			 0.593036			 0.587755
0.22386			 0.258565			 0.200405
5.50995			 5.51526			 5.47738
2.93391			 2.94425			 2.89273
0.82521			 0.818215			 0.854136
1.64057			 1.64058			 1.63292
0.656719			 0.643413			 0.614289
0.388428			 0.392493			 0.399211
0.666992			 0.653662			 0.643255
0.329876			 0.322263			 0.352355
0.941151			 0.939644			 0.939385
1.33311			 1.33364			 1.36598
0.506935			 0.505594			 0.457362
0.329365			 0.321657			 0.375436
2.31061			 2.31944			 2.28963
1.38616			 1.3863			 1.4037
0.219912			 0.251274			 0.22182
0.501533			 0.500916			 0.468
1.00704			 1.00744			 0.958815
1.54045			 1.54012			 1.5472
0.254837			 0.270247			 0.257539
0.672455			 0.659147			 0.699539
3.39348			 3.39947			 3.38813
4.09141			 4.09062			 4.07779
0.255362			 0.270262			 0.215466
0.711306			 0.698765			 0.680265
1.53003			 1.52969			 1.57669
0.69563			 0.682663			 0.713477
1.33889			 1.33938			 1.33193
2.64817			 2.6592			 2.6428
0.200427			 0.149437			 0.20491
0.334656			 0.327994			 0.376399
4.02163			 4.02128			 3.99034
1.63822			 1.63822			 1.61686
0.563754			 0.55543			 0.602053
5.5372			 5.54276			 5.55645
0.468589			 0.472072			 0.51134
0.363411			 0.363136			 0.341077
0.593131			 0.582246			 0.630598
2.5362			 2.54687			 2.57515
4.17215			 4.17094			 4.15389
1.78329			 1.78462			 1.73742
0.416607			 0.422811			 0.460773
3.05233			 3.06183			 3.03199
3.3971			 3.40305			 3.42847
0.91097			 0.908266			 0.950709
0.416467			 0.422668			 0.451626
0.191122			 0.0276634			 0.195659
0.524838			 0.521114			 0.472443
0.621185			 0.608718			 0.626567
0.475531			 0.478229			 0.516897
0.404542			 0.410202			 0.442728
1.89946			 1.90236			 1.88067
0.463231			 0.467274			 0.508857
0.460818			 0.465098			 0.431055
0.3562			 0.354356			 0.403117
3.14826			 3.1569			 3.15342
1.30042			 1.30122			 1.27072
2.51161			 2.52215			 2.51566
4.16282			 4.16165			 4.11857
2.79649			 2.80743			 2.84112
0.214838			 0.237216			 0.236035
0.326612			 0.31841			 0.295626
0.55289			 0.545732			 0.530793
0.652984			 0.63971			 0.618652
4.76303			 4.7621			 4.80766
4.3346			 4.33288			 4.31337
0.232098			 0.266859			 0.213915
0.227125			 0.262779			 0.229285
0.681516			 0.668296			 0.639233
0.308397			 0.298353			 0.289308
0.52343			 0.519891			 0.473418
1.01154			 1.01204			 1.05557
0.264092			 0.271032			 0.230459
0.206387			 0.196748			 0.247232
0.312364			 0.302451			 0.358071
2.07354			 2.07912			 2.03978
0.688069			 0.674949			 0.639333
0.444918			 0.450481			 0.460222
2.76482			 2.77582			 2.78624
0.23359			 0.267662			 0.195683
4.52582			 4.52409			 4.49663
0.196364			 0.104762			 0.198725
0.776396			 0.766733			 0.729258
0.955671			 0.954667			 0.955958
0.561313			 0.553242			 0.511016
1.89818			 1.90107			 1.94529
0.266994			 0.271576			 0.300833
0.952479			 0.951369			 0.955768
4.08981			 4.08902			 4.11059
0.193043			 0.0587973			 0.193684
4.66588			 4.66452			 4.70763
0.578244			 0.568544			 0.527632
0.691123			 0.67806			 0.721332
0.220766			 0.253087			 0.235713
1.22207			 1.22346			 1.22387
4.15615			 4.15502			 4.15243
4.05269			 4.05213			 4.02077
3.18792			 3.19616			 3.17217
0.548755			 0.542068			 0.532373
6.43318			 6.43895			 6.4281
2.55669			 2.56746			 2.51253
1.84479			 1.84692			 1.82693
6.58159			 6.58473			 6.5758
6.62765			 6.62974			 6.62178
2.65857			 2.66962			 2.65488
2.94006			 2.95036			 2.90039
1.58783			 1.5876			 1.6189
3.04548			 3.05503			 3.0452
0.203483			 0.176072			 0.169781
2.9369			 2.94722			 2.93496
1.07577			 1.0772			 1.10836
0.378477			 0.381064			 0.382372
0.72628			 0.714267			 0.728064
2.9544			 2.96461			 2.96514
0.351811			 0.348976			 0.385889
0.189769			 0.0035014			 0.220045
1.31696			 1.31762			 1.32591
0.687505			 0.674376			 0.644762
0.387515			 0.39146			 0.433451
2.12303			 2.12936			 2.13472
1.67595			 1.67621			 1.72202
5.53513			 5.54067			 5.54717
1.43062			 1.43051			 1.47021
1.0395			 1.04051			 0.998369
0.207879			 0.205845			 0.190608
4.03819			 4.03772			 4.07132
0.193894			 0.0714748			 0.209952
0.314278			 0.304491			 0.329226
0.236018			 0.268651			 0.206984
0.296674			 0.287485			 0.254113
1.15126			 1.15295			 1.1112
0.529566			 0.52523			 0.525343
0.443127			 0.448798			 0.397345
0.311961			 0.302027			 0.276348
0.490076			 0.49097			 0.492127
2.68726			 2.69832			 2.64591
0.314617			 0.304856			 0.336788
1.36374			 1.36404			 1.38563
0.292358			 0.284045			 0.268442
0.553089			 0.545909			 0.550657
0.678485			 0.665228			 0.691065
6.75609			 6.75461			 6.75416
6.80885			 6.80562			 6.83659
5.45315			 5.45794			 5.42629
0.534787			 0.529787			 0.512526
2.42751			 2.43748			 2.40888
2.91909			 2.92952			 2.96416
0.330832			 0.323402			 0.34328
5.40997			 5.41436			 5.41832
0.453944			 0.458844			 0.421155
0.992984			 0.99306			 0.944039
1.85126			 1.85347			 1.81223
0.298228			 0.288804			 0.285948
0.494162			 0.494523			 0.525858
0.454669			 0.459507			 0.480362
3.24611			 3.25375			 3.26297
0.734019			 0.722318			 0.726791
1.88964			 1.8924			 1.85166
0.961252			 0.960429			 0.998051
4.03053			 4.03012			 4.00719
5.613			 5.6192			 5.59913
1.51222			 1.51188			 1.5317
0.700562			 0.687714			 0.731431
0.518902			 0.515961			 0.531679
0.226268			 0.261809			 0.257074
0.452016			 0.457072			 0.43659
2.88174			 2.89236			 2.85687
0.222346			 0.256087			 0.190017
0.220793			 0.253143			 0.253297
0.308417			 0.298374			 0.290124
0.488752			 0.489817			 0.461399
5.83836			 5.84608			 5.87006
2.29925			 2.30794			 2.29898
0.624753			 0.612145			 0.572865
4.13846			 4.13741			 4.11492
0.899139			 0.895914			 0.890415
2.11109			 2.11724			 2.07355
1.62241			 1.62232			 1.61044
3.17501			 3.18339			 3.17745
0.592628			 0.581779			 0.549392
0.524326			 0.520669			 0.558641
0.399042			 0.404271			 0.412133
6.61205			 6.61451			 6.57356
0.32764			 0.319618			 0.360922
1.38077			 1.38095			 1.33524
2.76784			 2.77885			 2.79189
0.643314			 0.630181			 0.673783
1.81013			 1.8118			 1.78534
0.367695			 0.3683			 0.358309
3.14102			 3.14973			 3.12588
1.14724			 1.14893			 1.18639
1.552			 1.55168			 1.60336
1.89671			 1.89957			 1.93137
1.57116			 1.57088			 1.61949
1.69275			 1.69315			 1.65228
1.2921			 1.29296			 1.26935
1.03614			 1.03709			 1.07879
5.31308			 5.31655			 5.30914
0.803471			 0.795277			 0.748522
5.47686			 5.48187			 5.50166
1.51406			 1.51372			 1.52557
3.93881			 3.93908			 3.96074
0.264809			 0.271151			 0.29819
0.21315			 0.23107			 0.24217
0.384663			 0.388211			 0.341927
1.44962			 1.44943			 1.45925
2.6283			 2.63929			 2.62554
0.377754			 0.38022			 0.368337
2.4425			 2.45259			 2.45978
0.217732			 0.245968			 0.218606
3.34826			 3.35477			 3.36984
0.584224			 0.57402			 0.606381
4.30531			 4.30365			 4.3087
1.3297			 1.33026			 1.2873
4.67399			 4.67266			 4.6501
0.475468			 0.478173			 0.504502
0.728418			 0.716489			 0.74815
0.317178			 0.307652			 0.3168
0.274181			 0.273682			 0.256479
0.391613			 0.396073			 0.428454
0.734293			 0.722603			 0.730532
3.45266			 3.45797			 3.43107
0.458635			 0.463122			 0.427989
0.217083			 0.244186			 0.204748
0.270071			 0.272341			 0.310001
1.86846			 1.87092			 1.91703
0.50805			 0.50656			 0.504226
6.53511			 6.5392			 6.56875
0.334118			 0.327345			 0.348633
1.01152			 1.01202			 0.958341
0.553732			 0.54648			 0.566448
1.7516			 1.75257			 1.72159
0.633738			 0.620834			 0.674073
2.28885			 2.29742			 2.30258
0.231828			 0.266696			 0.200319
0.524258			 0.52061			 0.508612
0.513324			 0.511126			 0.517502
1.20286			 1.20437			 1.15777
2.44887			 2.459			 2.46391
0.245036			 0.270095			 0.213791
0.415884			 0.422071			 0.440833
2.66813			 2.67918			 2.65104
0.699274			 0.686393			 0.710207
3.08788			 3.09707			 3.13771
0.380356			 0.383249			 0.396736
2.26558			 2.27387			 2.26387
0.320665			 0.311551			 0.357797
0.477662			 0.480108			 0.446945
1.87092			 1.87341			 1.8336
1.41703			 1.41699			 1.45682
1.75862			 1.75966			 1.79197
0.327737			 0.319732			 0.299196
3.2009			 3.20902			 3.16424
2.86			 2.87072			 2.85261
3.92821			 3.92857			 3.90271
0.471894			 0.475011			 0.469449
0.297024			 0.287779			 0.294243
4.42879			 4.42699			 4.42933
0.461343			 0.465573			 0.425934
3.05126			 3.06077			 3.03212
2.51786			 2.52844			 2.49762
3.12383			 3.1327			 3.1597
2.08822			 2.09402			 2.10086
3.5913			 3.59501			 3.62886
0.560798			 0.552781			 0.529
0.581226			 0.571271			 0.544489
2.94959			 2.95984			 2.99418
3.12477			 3.13363			 3.09366
1.38527			 1.38542			 1.39654
1.03506			 1.03599			 1.03676
1.20196			 1.20347			 1.24578
0.389614			 0.393831			 0.348955
0.569181			 0.560317			 0.576786
0.646966			 0.63377			 0.607444
0.572781			 0.563575			 0.525408
0.656676			 0.643371			 0.631679
0.771897			 0.761998			 0.814006
1.42949			 1.42939			 1.46602
3.14355			 3.15223			 3.13294
0.28381			 0.278293			 0.309354
3.12686			 3.1357			 3.16358
1.66393			 1.6641			 1.67883
1.7622			 1.76329			 1.75817
4.87665			 4.8764			 4.86925
1.03649			 1.03744			 1.05091
0.260898			 0.270615			 0.226553
2.1005			 2.10649			 2.10117
1.11003			 1.11168			 1.07824
0.201543			 0.159794			 0.171566
0.565876			 0.557338			 0.565852
1.60014			 1.59996			 1.64444
0.466421			 0.470136			 0.434067
2.16521			 2.17216			 2.20687
1.49686			 1.49654			 1.51463
0.39715			 0.402203			 0.371329
0.744452			 0.733206			 0.738408
0.892498			 0.88897			 0.846855
5.20499			 5.20743			 5.19415
0.993823			 0.99392			 1.01357
0.736739			 0.725153			 0.687489
0.306093			 0.296062			 0.315287
1.34807			 1.34848			 1.32408
0.347416			 0.343577			 0.388754
4.66778			 4.66643			 4.68084
0.258331			 0.270401			 0.273882
4.25374			 4.25222			 4.27876
4.78899			 4.7882			 4.78095
2.6918			 2.70287			 2.70429
0.273271			 0.273353			 0.249469
4.97414			 4.97459			 5.01447
1.92107			 1.92429			 1.9054
0.834875			 0.828409			 0.821801
0.490809			 0.491609			 0.49376
0.29058			 0.282729			 0.278307
0.675113			 0.661824			 0.658248
2.2866			 2.29515			 2.28788
1.0383			 1.03929			 1.05279
0.279486			 0.275969			 0.309392
1.03787			 1.03885			 0.986876
0.539545			 0.533955			 0.563547
0.839882			 0.833688			 0.84275
0.800441			 0.79208			 0.769918
3.73137			 3.73356			 3.72043
1.87059			 1.87307			 1.87611
1.22757			 1.22892			 1.21169
1.92543			 1.92872			 1.90963
6.7271			 6.72651			 6.6996
0.542236			 0.536319			 0.585027
0.280261			 0.276355			 0.261679
0.19411			 0.0745922			 0.249231
1.9478			 1.95143			 1.90664
0.789841			 0.7809			 0.804274
0.202991			 0.172143			 0.236209
0.303067			 0.29316			 0.302206
0.334099			 0.327322			 0.341504
2.14824			 2.15494			 2.15743
0.349444			 0.346069			 0.371776
0.456717			 0.461377			 0.478591
5.00745			 5.00816			 4.97379
5.55313			 5.55883			 5.57133
0.353826			 0.351449			 0.393185
2.39076			 2.40041			 2.36207
0.538948			 0.533431			 0.569795
1.31658			 1.31725			 1.35344
1.20255			 1.20406			 1.24045
0.735947			 0.724327			 0.734941
0.303342			 0.293418			 0.273832
4.68017			 4.67886			 4.70876
1.83159			 1.83354			 1.82658
0.556061			 0.548552			 0.541378
0.512034			 0.510009			 0.46202
0.259984			 0.270527			 0.291783
0.541811			 0.535945			 0.547184
0.229672			 0.265169			 0.259591
1.61157			 1.61144			 1.61141
2.22651			 2.2343			 2.19164
1.07204			 1.07344			 1.04025
2.60865			 2.6196			 2.59153
0.552942			 0.545778			 0.509281
1.12197			 1.12365			 1.15797
0.784987			 0.775783			 0.806145
3.8919			 3.89256			 3.93252
0.570818			 0.561797			 0.611559
0.649661			 0.636426			 0.691669
0.296203			 0.287094			 0.271192
0.960724			 0.959884			 0.919676
2.72163			 2.73269			 2.76714
0.945125			 0.94376			 0.964702
0.222711			 0.256718			 0.272718
0.646992			 0.633795			 0.59335
0.274006			 0.273617			 0.273049
0.266337			 0.271438			 0.284401
0.520296			 0.517169			 0.481113
3.0135			 3.0233			 3.00643
0.399024			 0.404251			 0.366276
0.324709			 0.316189			 0.374917
2.20092			 2.20837			 2.24965
2.43031			 2.4403			 2.4214
6.35446			 6.36121			 6.30505
0.728287			 0.716352			 0.711403
0.957209			 0.956257			 0.943642
0.201836			 0.162392			 0.176197
2.14255			 2.14917			 2.11265
4.9614			 4.96176			 4.95503
1.01849			 1.01913			 1.00204
2.47674			 2.48707			 2.48036
5.78958			 5.79704			 5.80229
1.32265			 1.32327			 1.35268
1.33894			 1.33942			 1.31028
0.918037			 0.915631			 0.948574
0.266714			 0.271516			 0.232751
0.264224			 0.271053			 0.279288
2.10598			 2.11205			 2.06812
0.527167			 0.52314			 0.522183
0.197063			 0.113289			 0.239566
0.197138			 0.114175			 0.212305
0.316002			 0.30636			 0.300893
3.36923			 3.3755			 3.38874
0.474109			 0.476973			 0.443372
0.481043			 0.483079			 0.477645
2.72278			 2.73384			 2.75807
0.873224			 0.868767			 0.834112
1.23064			 1.23197			 1.24082
1.02475			 1.0255			 1.01215
6.75964			 6.75805			 6.73053
1.30035			 1.30115			 1.33933
0.913787			 0.911203			 0.917639
0.572518			 0.563337			 0.526501
4.90549			 4.90544			 4.91932
1.72873			 1.72946			 1.72881
0.692332			 0.679294			 0.675722
2.31552			 2.3244			 2.28636
6.30078			 6.30805			 6.24825
6.1153			 6.12352			 6.16029
0.299798			 0.290177			 0.25716
1.44076			 1.44061			 1.48995
0.527919			 0.523795			 0.499675
1.7227			 1.72337			 1.73201
0.406608			 0.4124			 0.440285
0.944466			 0.943078			 0.967401
1.62856			 1.62851			 1.66862
0.770408			 0.760432			 0.744781
1.7355			 1.7363			 1.77427
1.46837			 1.46812			 1.49178
0.520954			 0.517741			 0.501397
1.12793			 1.12961			 1.12084
0.291733			 0.283576			 0.313801
2.61716			 2.62813			 2.60198
2.47849			 2.48883			 2.45006
0.376595			 0.378862			 0.34451
0.262801			 0.270842			 0.27436
1.53416			 1.53382			 1.5043
0.351922			 0.349112			 0.346936
6.70791			 6.70788			 6.73286
0.507868			 0.506402			 0.494736
2.52316			 2.53377			 2.48415
1.51242			 1.51209			 1.50418
0.680273			 0.667037			 0.679641
0.581837			 0.57183			 0.578566
1.14021			 1.1419			 1.15747
0.370202			 0.371299			 0.396609
5.78833			 5.79578			 5.82985
4.96784			 4.96824			 4.94708
0.19551			 0.0938138			 0.190136
4.48002			 4.47824			 4.49636
2.18092			 2.18809			 2.15664
1.61597			 1.61585			 1.61977
0.540373			 0.534682			 0.584369
0.682821			 0.669618			 0.626602
5.28304			 5.28622			 5.27326
0.609869			 0.597938			 0.627327
0.192534			 0.0508884			 0.245838
0.388567			 0.39265			 0.346695
0.232602			 0.267149			 0.200076
2.00359			 2.00809			 2.03978
0.434335			 0.440419			 0.398508
0.357628			 0.356102			 0.315968
4.30725			 4.30559			 4.35047
2.28856			 2.29713			 2.28046
0.628505			 0.615763			 0.604474
0.64115			 0.628061			 0.626279
0.567033			 0.55838			 0.599635
3.83969			 3.84082			 3.82383
2.73836			 2.74941			 2.69595
0.239915			 0.269604			 0.253606
2.14885			 2.15556			 2.15914
6.8097			 6.80644			 6.81471
0.847432			 0.841643			 0.87943
0.488556			 0.489646			 0.52636
0.305365			 0.295352			 0.335184
0.576055			 0.56655			 0.589458
3.77158			 3.77336			 3.74535
0.347581			 0.34378			 0.395289
0.338021			 0.332074			 0.325266
0.812963			 0.805294			 0.836635
0.332834			 0.325799			 0.286675
0.743824			 0.73255			 0.717685
0.429765			 0.435977			 0.469001
1.91773			 1.92091			 1.96583
1.52079			 1.52045			 1.55966
0.371784			 0.373182			 0.371194
0.226568			 0.262158			 0.268385
0.334893			 0.32828			 0.312297
2.08373			 2.08946			 2.04588
0.64422			 0.631071			 0.598404
0.41129			 0.417322			 0.383081
2.10967			 2.11579			 2.10573
2.55815			 2.56892			 2.59231
2.65391			 2.66495			 2.69797
0.565144			 0.55668			 0.524163
1.23639			 1.23768			 1.25775
1.21801			 1.21943			 1.24531
2.62177			 2.63275			 2.61582
5.4399			 5.44457			 5.47387
0.462512			 0.466627			 0.417212
4.51039			 4.50864			 4.51498
2.62522			 2.6362			 2.65739
3.90044			 3.90102			 3.92358
5.76442			 5.77173			 5.72066
4.2394			 4.23792			 4.27485
0.264794			 0.271148			 0.254116
2.50787			 2.51839			 2.52511
0.395988			 0.400926			 0.407856
1.67242			 1.67265			 1.62618
0.196423			 0.105497			 0.184295
3.20529			 3.21336			 3.20414
0.269697			 0.272237			 0.238705
0.862053			 0.85703			 0.899095
0.377137			 0.379497			 0.372409
0.839733			 0.833531			 0.817519
1.20015			 1.20167			 1.21575
3.90206			 3.90263			 3.88922
0.6024			 0.590898			 0.568668
0.462872			 0.466951			 0.492773
1.01935			 1.02			 1.00254
4.81883			 4.81821			 4.84302
0.796795			 0.788234			 0.765316
4.85622			 4.85583			 4.84897
0.763334			 0.752996			 0.75056
1.15655			 1.15822			 1.14684
1.51394			 1.5136			 1.55424
0.513684			 0.511438			 0.517396
0.417898			 0.42413			 0.4133
1.1565			 1.15818			 1.10983
0.655152			 0.641858			 0.604198
0.359381			 0.35824			 0.378429
6.76834			 6.76647			 6.72149
0.265575			 0.271289			 0.223159
1.18275			 1.18435			 1.22593
1.00895			 1.00939			 1.02011
5.00992			 5.01065			 5.03741
0.477604			 0.480057			 0.440914
5.57001			 5.57585			 5.56982
0.456022			 0.460744			 0.442183
0.40249			 0.408002			 0.355502
0.211912			 0.226014			 0.212267
1.13763			 1.13932			 1.12918
3.49087			 3.49574			 3.53083
1.67713			 1.6774			 1.66689
0.647588			 0.634383			 0.674865
0.393144			 0.39778			 0.358498
0.21984			 0.251114			 0.256606
0.406304			 0.412078			 0.390401
1.04884			 1.04998			 1.0416
0.512471			 0.510388			 0.473882
0.752407			 0.741532			 0.713607
0.356644			 0.3549			 0.309918
6.21365			 6.22152			 6.19458
0.618077			 0.605744			 0.658655
0.556821			 0.549229			 0.584635
4.50958			 4.50783			 4.55054
1.18495			 1.18654			 1.21778
1.06448			 1.06581			 1.03154
0.671723			 0.658411			 0.669433
1.59922			 1.59903			 1.56939
0.24006			 0.269628			 0.291846
6.57516			 6.57844			 6.62031
3.63167			 3.63493			 3.62071
0.807664			 0.799701			 0.754764
1.54917			 1.54884			 1.53222
5.40436			 5.40869			 5.40868
0.326617			 0.318416			 0.356442
0.948921			 0.947689			 0.945033
1.44737			 1.44719			 1.44319
0.785652			 0.776484			 0.750332
5.87436			 5.88224			 5.88776
1.34688			 1.3473			 1.3255
0.233247			 0.267492			 0.278612
0.475481			 0.478185			 0.510402
0.461493			 0.465709			 0.421308
5.94071			 5.94883			 5.93085
0.601979			 0.590503			 0.596102
3.9151			 3.91556			 3.89996
0.381257			 0.384293			 0.403258
0.442082			 0.447814			 0.436923
0.26178			 0.270712			 0.295683
1.3066			 1.30734			 1.3115
1.94564			 1.94924			 1.99566
0.518834			 0.515901			 0.492732
1.78382			 1.78516			 1.80504
0.227416			 0.263088			 0.284421
2.06225			 2.06765			 2.02366
0.208235			 0.207879			 0.241674
0.253479			 0.270219			 0.217037
0.708129			 0.69549			 0.728806
0.770015			 0.760019			 0.792841
4.64237			 4.64092			 4.59495
0.201881			 0.162783			 0.20374
0.418566			 0.424809			 0.450237
0.950996			 0.949835			 0.942221
0.25924			 0.270466			 0.223536
2.03535			 2.04034			 2.06361
0.620459			 0.608022			 0.609175
0.873606			 0.869169			 0.845067
0.347665			 0.343883			 0.316267
3.97669			 3.97667			 3.97373
0.419492			 0.425748			 0.412346
0.345573			 0.341314			 0.321299
3.65257			 3.6556			 3.63289
1.33841			 1.3389			 1.29292
0.563658			 0.555345			 0.524732
1.21027			 1.21173			 1.2265
2.12001			 2.12629			 2.12688
0.335314			 0.32879			 0.300991
4.94783			 4.94808			 4.91367
0.691468			 0.678412			 0.702179
0.404073			 0.409701			 0.356912
1.01872			 1.01936			 1.0545
3.1031			 3.11216			 3.0987
1.55439			 1.55407			 1.54817
0.711989			 0.69947			 0.729525
0.195771			 0.0972205			 0.201075
1.55521			 1.55489			 1.55448
1.57602			 1.57575			 1.6209
1.72871			 1.72944			 1.71141
5.62075			 5.62702			 5.59425
0.354202			 0.351909			 0.326201
0.496374			 0.496444			 0.470792
0.269996			 0.27232			 0.245745
0.68176			 0.668542			 0.673872
6.19109			 6.19906			 6.21167
2.73679			 2.74784			 2.74982
0.228525			 0.264178			 0.196198
2.20309			 2.21056			 2.2445
1.78281			 1.78414			 1.80611
0.432952			 0.439081			 0.432752
0.459057			 0.463505			 0.43693
0.285831			 0.279519			 0.313619
3.77576			 3.7775			 3.74117
2.23326			 2.24114			 2.23225
0.851187			 0.845597			 0.836966
1.14381			 1.1455			 1.10284
0.993433			 0.99352			 0.962168
0.235249			 0.268376			 0.221059
3.12409			 3.13296			 3.09658
0.298505			 0.289043			 0.273552
0.733417			 0.72169			 0.756179
2.44981			 2.45995			 2.49599
4.93175			 4.93189			 4.91959
0.230826			 0.266037			 0.225004
2.23158			 2.23944			 2.25296
0.296307			 0.28718			 0.349809
0.273549			 0.273452			 0.282625
1.78076			 1.78206			 1.74715
0.415546			 0.421724			 0.460209
0.378861			 0.381511			 0.407805
0.486107			 0.487511			 0.442591
0.250269			 0.27019			 0.292595
0.578353			 0.568644			 0.564073
2.15266			 2.15943			 2.15401
0.310177			 0.30017			 0.360889
0.252812			 0.27021			 0.217977
0.661252			 0.647924			 0.622759
2.11496			 2.12117			 2.1125
0.910512			 0.907789			 0.905519
3.5035			 3.50822			 3.47911
3.00353			 3.01341			 2.99693
0.347055			 0.343133			 0.348737
0.410572			 0.416572			 0.450343
3.30144			 3.30848			 3.32014
0.573674			 0.564386			 0.542622
0.360013			 0.35901			 0.363704
1.87774			 1.88032			 1.85372
2.301			 2.30972			 2.32694
0.322406			 0.313534			 0.371189
2.13345			 2.13993			 2.09144
1.24491			 1.24614			 1.2774
0.726569			 0.714567			 0.671209
6.8096			 6.80634			 6.79076
4.35194			 4.3502			 4.30774
0.337323			 0.331225			 0.383765
3.90072			 3.9013			 3.94462
5.53348			 5.53901			 5.53885
0.255742			 0.270275			 0.287534
0.335484			 0.328994			 0.330437
0.270436			 0.272445			 0.274741
1.70748			 1.70801			 1.70373
3.64644			 3.64954			 3.68447
0.325719			 0.317365			 0.283487
0.345032			 0.340649			 0.322321
0.242726			 0.26995			 0.23595
3.28253			 3.28978			 3.27882
1.12047			 1.12215			 1.15985
3.37514			 3.38134			 3.38558
1.75958			 1.76064			 1.75544
3.04449			 3.05405			 3.03681
0.44806			 0.453413			 0.472434
0.210951			 0.221745			 0.261188
0.443912			 0.449537			 0.443794
4.61514			 4.61361			 4.63549
0.643357			 0.630224			 0.600215
0.356309			 0.354489			 0.333893
1.40434			 1.40438			 1.35727
3.22861			 3.23644			 3.21414
0.212899			 0.230082			 0.226931
2.49753			 2.508			 2.46912
3.19758			 3.20573			 3.21103
6.2385			 6.24623			 6.26369
1.73087			 1.73162			 1.7082
0.351644			 0.348771			 0.317648
0.392947			 0.39756			 0.359199
0.622931			 0.610393			 0.630679
0.246267			 0.270138			 0.27255
2.66884			 2.67989			 2.6453
0.673106			 0.659802			 0.617625
0.317025			 0.307483			 0.326658
0.429471			 0.435688			 0.402895
0.664302			 0.650969			 0.703666
1.90277			 1.90572			 1.93446
0.682219			 0.669008			 0.721097
0.36144			 0.360745			 0.398847
4.72325			 4.72214			 4.71695
0.340727			 0.335374			 0.301951
0.969645			 0.969082			 0.916614
1.18256			 1.18416			 1.19722
4.45734			 4.45554			 4.41257
3.80762			 3.80905			 3.77763
0.491097			 0.491859			 0.450069
1.18965			 1.19122			 1.15819
0.469974			 0.473306			 0.472837
1.34689			 1.34732			 1.33358
4.00542			 4.00518			 3.97249
1.25974			 1.26085			 1.29448
0.61816			 0.605823			 0.658203
2.1636			 2.17052			 2.17244
0.64722			 0.63402			 0.638474
1.88998			 1.89274			 1.87891
0.37142			 0.372749			 0.3441
4.41822			 4.41642			 4.44716
1.02524			 1.02601			 0.980256
0.217955			 0.246558			 0.273027
0.458788			 0.46326			 0.428941
1.90407			 1.90704			 1.90771
0.339993			 0.334478			 0.318424
2.11331			 2.1195			 2.12796
0.371569			 0.372927			 0.329026
0.214387			 0.235654			 0.262839
0.204977			 0.187225			 0.265552
0.291843			 0.283658			 0.307354
0.290654			 0.282783			 0.302562
0.277554			 0.275063			 0.301686
2.6749			 2.68596			 2.69866
0.789551			 0.780594			 0.791684
2.19865			 2.20607			 2.16383
0.347063			 0.343144			 0.331463
0.813582			 0.805946			 0.787742
0.708039			 0.695397			 0.726531
1.48568			 1.48539			 1.52028
0.654858			 0.641567			 0.648885
5.00534			 5.00603			 5.02118
0.249951			 0.270188			 0.30623
2.37538			 2.38489			 2.4249
1.56562			 1.56532			 1.53938
0.292381			 0.284063			 0.310473
1.09643			 1.09801			 1.12096
2.6242			 2.63518			 2.63245
0.499907			 0.499508			 0.483017
0.204193			 0.181513			 0.222966
2.71318			 2.72424			 2.71827
0.258222			 0.270394			 0.235303
1.9052			 1.90819			 1.89523
2.5493			 2.56004			 2.56746
0.432453			 0.438597			 0.383497
0.436531			 0.442532			 0.45795
0.706479			 0.693792			 0.732014
0.342889			 0.338021			 0.325068
0.438508			 0.444423			 0.470819
0.551109			 0.544152			 0.582869
4.68451			 4.68323			 4.69291
1.92363			 1.92689			 1.93137
0.37496			 0.376941			 0.399045
3.99826			 3.99807			 4.01719
0.93758			 0.935941			 0.923955
0.338546			 0.332714			 0.310124
3.64799			 3.65107			 3.65421
2.75996			 2.77097			 2.77132
0.446627			 0.452079			 0.399156
5.41099			 5.41539			 5.36306
0.488002			 0.489164			 0.443087
0.665292			 0.651959			 0.6674
6.39341			 6.39971			 6.43266
1.33103			 1.33158			 1.36692
2.15831			 2.16516			 2.18437
0.730078			 0.718215			 0.755053
0.808145			 0.800209			 0.77844
0.739154			 0.727672			 0.777559
2.24919			 2.25728			 2.21114
0.268698			 0.271975			 0.304108
0.749179			 0.738152			 0.709152
2.56961			 2.58043			 2.52477
1.29666			 1.29748			 1.2557
0.207668			 0.204615			 0.238457
0.278397			 0.275448			 0.279832
1.53768			 1.53734			 1.52676
0.360528			 0.359637			 0.311058
0.535963			 0.530816			 0.539354
1.83454			 1.83652			 1.88032
2.16855			 2.17554			 2.18466
2.84971			 2.86047			 2.82836
0.785815			 0.776655			 0.761685
0.623762			 0.611192			 0.653313
2.40462			 2.41439			 2.43043
1.70309			 1.70358			 1.70905
6.44875			 6.4543			 6.48319
0.301259			 0.29149			 0.274087
3.60357			 3.60715			 3.6077
0.323044			 0.314266			 0.332594
0.393952			 0.398677			 0.342598
0.190206			 0.0115112			 0.223195
0.206242			 0.195812			 0.202918
0.270883			 0.272576			 0.257914
0.653775			 0.640494			 0.684438
0.377779			 0.380249			 0.344423
2.03243			 2.03738			 2.00065
0.967578			 0.966952			 0.933705
6.22005			 6.22788			 6.25999
0.255893			 0.27028			 0.250398
1.78499			 1.78634			 1.82886
1.16429			 1.16595			 1.17057
0.28228			 0.277425			 0.25035
0.951286			 0.950135			 0.993855
0.531863			 0.527233			 0.520846
3.02254			 3.03227			 3.05945
0.487859			 0.489039			 0.507818
1.30896			 1.30968			 1.31696
0.595245			 0.584211			 0.575631
4.22268			 4.22127			 4.23168
2.09495			 2.10086			 2.09063
1.22557			 1.22694			 1.19126
0.529147			 0.524865			 0.522153
0.209685			 0.215624			 0.268349
0.500775			 0.50026			 0.462123
0.319267			 0.309975			 0.324062
5.42134			 5.42584			 5.39973
0.401995			 0.40747			 0.417422
0.665594			 0.652262			 0.638398
6.36754			 6.37415			 6.38289
4.31262			 4.31095			 4.32047
0.217549			 0.245475			 0.202862
0.36777			 0.36839			 0.346172
0.48787			 0.489048			 0.519212
5.1655			 5.16758			 5.16441
2.57855			 2.5894			 2.56773
1.08167			 1.08315			 1.05039
0.255011			 0.270252			 0.272187
0.971999			 0.971506			 0.974137
1.53343			 1.53309			 1.56586
0.506619			 0.50532			 0.4631
0.340656			 0.335287			 0.316212
6.66701			 6.66811			 6.68708
0.714128			 0.701678			 0.661294
5.05321			 5.0543			 5.00526
4.91748			 4.91751			 4.92029
0.309483			 0.299456			 0.281123
1.32946			 1.33002			 1.3016
0.58911			 0.578522			 0.533097
1.97074			 1.97472			 2.01113
0.30058			 0.290875			 0.290116
0.359403			 0.358267			 0.353381
0.222234			 0.255888			 0.258685
0.686813			 0.673671			 0.717098
2.4491			 2.45924			 2.4184
0.540364			 0.534674			 0.49724
3.40495			 3.41081			 3.39519
0.801914			 0.793634			 0.796546
0.256074			 0.270286			 0.239598
1.10892			 1.11055			 1.14165
0.858761			 0.853568			 0.843199
0.505836			 0.504643			 0.497276
0.87236			 0.86786			 0.863059
0.457292			 0.461901			 0.4092
1.34725			 1.34768			 1.34811
0.780756			 0.771325			 0.729287
2.04501			 2.05015			 2.01437
2.88154			 2.89216			 2.9124
0.44619			 0.45167			 0.429402
0.341459			 0.33627			 0.303123
6.24707			 6.25474			 6.23384
0.843783			 0.837799			 0.798449
0.631965			 0.619112			 0.591963
0.214826			 0.237174			 0.253334
0.300369			 0.290686			 0.28705
1.84496			 1.84709			 1.81505
0.438307			 0.444231			 0.420116
1.56555			 1.56525			 1.59825
5.80481			 5.81236			 5.80529
5.97095			 5.97915			 5.98067
0.266729			 0.271519			 0.25203
1.30185			 1.30263			 1.29013
0.395143			 0.399996			 0.411547
0.74584			 0.734657			 0.777868
6.13959			 6.14775			 6.12343
0.26948			 0.272178			 0.25913
1.25271			 1.25388			 1.29969
0.94617			 0.944842			 0.898727
0.214587			 0.236352			 0.259305
1.597			 1.5968			 1.58394
4.00605			 4.0058			 3.99529
3.29935			 3.30641			 3.27748
0.814481			 0.806895			 0.798349
5.18331			 5.18556			 5.15833
4.30577			 4.30411			 4.27792
0.200848			 0.153429			 0.176633
1.04763			 1.04875			 1.01225
0.574944			 0.565539			 0.520495
1.9258			 1.9291			 1.94976
4.4962			 4.49443			 4.51716
0.224392			 0.259352			 0.265528
1.00407			 1.00441			 1.006
0.365581			 0.365757			 0.409317
0.988861			 0.988833			 1.01923
0.953277			 0.952194			 0.99723
0.646463			 0.633275			 0.672857
0.468751			 0.472217			 0.486616
0.802288			 0.794028			 0.771239
0.320078			 0.310888			 0.357952
0.573022			 0.563794			 0.538662
3.50221			 3.50695			 3.46847
0.880782			 0.876697			 0.843737
0.783102			 0.773797			 0.769918
2.41402			 2.42387			 2.3824
0.203405			 0.175451			 0.169232
3.08001			 3.08928			 3.06866
0.729027			 0.717121			 0.707596
0.473756			 0.476661			 0.467208
0.241327			 0.269806			 0.232121
3.87481			 3.87561			 3.88969
0.560299			 0.552334			 0.58704
0.361956			 0.361372			 0.312283
0.210195			 0.21816			 0.249398
0.686654			 0.67351			 0.699358
2.31099			 2.31982			 2.28112
1.49701			 1.49669			 1.49379
0.533631			 0.528777			 0.567842
2.74557			 2.75661			 2.75076
0.361784			 0.361163			 0.328195
5.95616			 5.96432			 5.97919
5.68065			 5.68739			 5.63755
2.71043			 2.7215			 2.70473
0.240143			 0.269641			 0.258078
6.39211			 6.39843			 6.4086
0.969341			 0.968769			 0.941913
0.318835			 0.309492			 0.2971
0.638016			 0.624998			 0.606156
0.550006			 0.543174			 0.584282
2.16106			 2.16795			 2.13464
1.01666			 1.01726			 1.0562
0.387296			 0.391211			 0.346684
0.296459			 0.287306			 0.345393
1.64765			 1.64771			 1.63073
0.288755			 0.281441			 0.281382
0.537259			 0.531951			 0.525571
0.604859			 0.593209			 0.602182
1.55098			 1.55066			 1.52962
0.350319			 0.347144			 0.325286
0.777542			 0.76794			 0.724198
1.61113			 1.61099			 1.57695
0.439983			 0.445827			 0.474131
0.955615			 0.95461			 0.945655
0.364364			 0.364288			 0.38586
3.11094			 3.11993			 3.1385
1.24206			 1.24331			 1.25883
0.657234			 0.643926			 0.677684
0.428115			 0.434357			 0.378014
1.17012			 1.17176			 1.13506
1.85186			 1.85408			 1.82078
1.32772			 1.32829			 1.36589
0.507573			 0.506147			 0.481522
3.09909			 3.10819			 3.09905
1.06461			 1.06593			 1.05052
1.23943			 1.2407			 1.23533
5.43982			 5.44449			 5.47019
0.769697			 0.759684			 0.81325
0.886586			 0.88278			 0.859836
0.367613			 0.3682			 0.391965
0.400197			 0.405526			 0.353815
3.80035			 3.80184			 3.83488
0.329447			 0.321754			 0.350188
4.08058			 4.07985			 4.09981
1.20863			 1.2101			 1.18635
0.272817			 0.273196			 0.295991
0.999543			 0.999777			 0.997604
0.447431			 0.452828			 0.421608
0.624972			 0.612356			 0.657486
5.84625			 5.85401			 5.82595
0.725584			 0.713544			 0.763877
3.47225			 3.47734			 3.43118
3.24319			 3.25086			 3.24826
1.18856			 1.19013			 1.20152
0.354952			 0.352828			 0.308693
1.84241			 1.8445			 1.82065
0.995978			 0.996127			 1.0353
0.609275			 0.597376			 0.646841
0.432277			 0.438426			 0.379786
1.07018			 1.07156			 1.10378
0.245045			 0.270095			 0.218615
0.276881			 0.274767			 0.299923
6.33489			 6.34185			 6.35634
1.0052			 1.00557			 1.02816
0.793353			 0.784603			 0.764436
1.62663			 1.62656			 1.58613
1.70822			 1.70875			 1.66693
3.39229			 3.39829			 3.3491
3.50402			 3.50873			 3.47224
2.76243			 2.77344			 2.75879
1.06749			 1.06884			 1.02218
2.076			 2.08162			 2.04371
1.02526			 1.02603			 1.03352
0.585344			 0.57505			 0.559832
6.78171			 6.77941			 6.77977
0.322298			 0.313411			 0.34526
0.783847			 0.774582			 0.729477
0.872658			 0.868173			 0.848995
3.5819			 3.58572			 3.62929
6.15758			 6.16569			 6.12543
6.17313			 6.18118			 6.12608
0.343393			 0.338639			 0.381342
0.23928			 0.269492			 0.204705
2.82731			 2.83816			 2.81007
0.794741			 0.786067			 0.79129
0.88412			 0.880196			 0.881529
5.74101			 5.74817			 5.73615
2.95213			 2.96236			 3.00248
0.263694			 0.27097			 0.238173
0.288602			 0.281336			 0.244233
1.41134			 1.41133			 1.42424
1.97489			 1.97894			 1.93391
2.21975			 2.22746			 2.27401
0.373293			 0.374972			 0.366108
1.74525			 1.74615			 1.70329
0.520558			 0.517397			 0.523276
0.324532			 0.315985			 0.37487
0.610274			 0.598322			 0.596605
1.62541			 1.62534			 1.60816
0.253722			 0.270223			 0.292804
0.429311			 0.435532			 0.450653
5.61453			 5.62075			 5.63267
1.28782			 1.28871			 1.27223
0.500878			 0.500349			 0.476014
6.49318			 6.49802			 6.52968
1.8979			 1.90078			 1.93028
0.405588			 0.411317			 0.400066
1.83734			 1.83936			 1.82733
0.189603			 0.000401248			 0.229719
0.477819			 0.480246			 0.448256
1.67248			 1.67271			 1.71149
0.291214			 0.283191			 0.248406
3.59521			 3.59888			 3.63144
2.3233			 2.33227			 2.33132
5.7566			 5.76386			 5.74032
1.03044			 1.0313			 0.982295
0.986193			 0.986096			 0.932935
3.38608			 3.39216			 3.43905
0.530543			 0.526082			 0.503538
2.95547			 2.96567			 2.9576
1.0017			 1.00198			 1.01198
0.395823			 0.400745			 0.41997
3.66048			 3.66342			 3.65801
0.489022			 0.490052			 0.527206
0.927776			 0.925762			 0.885272
0.956373			 0.955393			 0.907967
4.01967			 4.01933			 4.03002
1.01563			 1.01621			 1.00509
0.795258			 0.786613			 0.769964
0.324992			 0.316519			 0.294417
0.337637			 0.331607			 0.36024
0.386717			 0.390553			 0.368517
3.82436			 3.82562			 3.83231
0.264531			 0.271104			 0.29624
2.69865			 2.70972			 2.7098
0.873269			 0.868814			 0.882408
1.39158			 1.39169			 1.40425
0.720438			 0.708206			 0.741516
0.25444			 0.270238			 0.237651
0.361964			 0.361382			 0.34754
0.736084			 0.72447			 0.739584
2.87168			 2.88235			 2.8568
0.341969			 0.336894			 0.327139
0.725159			 0.713102			 0.731754
1.41747			 1.41743			 1.37683
1.1409			 1.14259			 1.16708
0.687889			 0.674766			 0.652012
0.760375			 0.74989			 0.756874
1.14265			 1.14434			 1.09403
1.13377			 1.13547			 1.10915
1.00659			 1.00699			 0.973831
1.29319			 1.29404			 1.27944
0.581578			 0.571592			 0.578245
0.439775			 0.445629			 0.44556
1.43231			 1.4322			 1.40405
0.697396			 0.684469			 0.642708
0.521183			 0.517939			 0.472653
0.940252			 0.938712			 0.924266
0.392749			 0.39734			 0.368912
0.833537			 0.826999			 0.843958
0.343772			 0.339104			 0.318493
2.62131			 2.63229			 2.62695
0.19295			 0.0573578			 0.156757
0.748836			 0.737792			 0.763042
0.710374			 0.697803			 0.696972
2.75423			 2.76526			 2.74352
2.77586			 2.78685			 2.81344
0.763086			 0.752736			 0.748986
0.475535			 0.478233			 0.455
2.30394			 2.3127			 2.28976
0.849573			 0.843898			 0.875456
1.49118			 1.49087			 1.47232
0.24344			 0.270006			 0.291189
2.93738			 2.9477			 2.96143
0.565972			 0.557425			 0.561599
2.45253			 2.46269			 2.48995
1.07383			 1.07525			 1.04857
1.95602			 1.95977			 1.98514
0.418797			 0.425044			 0.423299
0.789358			 0.78039			 0.806688
0.224259			 0.259159			 0.22536
0.439168			 0.445051			 0.436156
0.376341			 0.378564			 0.325355
0.253822			 0.270225			 0.248052
0.878812			 0.874631			 0.860243
3.1236			 3.13247			 3.13764
0.751851			 0.74095			 0.742013
0.318745			 0.309391			 0.277275
0.330239			 0.322695			 0.323816
5.53171			 5.53721			 5.48718
6.75081			 6.7495			 6.71392
1.0075			 1.00792			 0.982021
4.23579			 4.23433			 4.23101
1.20944			 1.2109			 1.20631
2.978			 2.98806			 2.9745
0.531423			 0.526849			 0.564838
0.273518			 0.27344			 0.283555
0.213066			 0.230741			 0.215802
0.247427			 0.270163			 0.294047
0.448457			 0.453781			 0.460008
0.232424			 0.267049			 0.210821
0.347391			 0.343546			 0.379492
0.408812			 0.414727			 0.409001
0.463104			 0.46716			 0.475375
3.36042			 3.3668			 3.35387
0.219583			 0.250536			 0.195779
3.97239			 3.97239			 3.94981
3.53666			 3.541			 3.57872
0.894114			 0.890661			 0.905035
0.2861			 0.279689			 0.31483
1.97345			 1.97748			 1.96256
1.1622			 1.16386			 1.16596
6.00744			 6.0157			 6.00226
0.921953			 0.919708			 0.951468
0.922879			 0.920671			 0.891898
0.355292			 0.353245			 0.351729
0.388661			 0.392757			 0.419498
6.61291			 6.61535			 6.62961
0.295262			 0.286323			 0.295375
0.249588			 0.270186			 0.269951
2.27488			 2.28329			 2.26315
0.944338			 0.942945			 0.90524
0.440553			 0.446367			 0.446313
2.79434			 2.80528			 2.77966
0.216996			 0.243939			 0.186176
0.648136			 0.634922			 0.675018
4.30894			 4.30728			 4.26218
3.64504			 3.64816			 3.65701
0.626887			 0.614201			 0.600006
0.495589			 0.495762			 0.53612
0.334396			 0.32768			 0.351033
0.425225			 0.4315			 0.433098
0.776916			 0.767281			 0.791302
0.271189			 0.272669			 0.292828
0.278078			 0.275301			 0.244596
4.74135			 4.74032			 4.78748
5.69052			 5.69733			 5.72532
0.436041			 0.442062			 0.458885
1.10028			 1.10188			 1.1094
3.78573			 3.78737			 3.82282
1.12951			 1.1312			 1.15879
0.544306			 0.538141			 0.544295
2.82725			 2.8381			 2.79496
0.224308			 0.259231			 0.273219
0.215578			 0.239655			 0.261756
0.289616			 0.282041			 0.293835
4.15623			 4.15509			 4.16433
0.382444			 0.385663			 0.396798
0.203558			 0.176653			 0.209787
0.854437			 0.849018			 0.823432
6.8122			 6.80884			 6.76921
0.656056			 0.642756			 0.607973
0.596313			 0.585206			 0.554573
0.206232			 0.195743			 0.196461
0.343631			 0.338931			 0.381691
0.312736			 0.302845			 0.272215
0.316616			 0.307033			 0.344846
0.343361			 0.3386			 0.392566
0.537092			 0.531805			 0.538975
0.799522			 0.791111			 0.778884
0.288804			 0.281476			 0.282972
0.214822			 0.237159			 0.212384
0.396129			 0.401082			 0.395002
1.25659			 1.25773			 1.2978
1.55183			 1.55151			 1.57743
1.27807			 1.27904			 1.30137
0.286787			 0.280128			 0.336268
2.84052			 2.85132			 2.8053
1.09514			 1.09671			 1.11634
4.44416			 4.44236			 4.46861
2.68709			 2.69815			 2.68766
0.298189			 0.28877			 0.296274
2.39026			 2.39991			 2.39263
0.419664			 0.425923			 0.453485
0.19331			 0.0628372			 0.231752
0.239213			 0.269479			 0.226781
1.23817			 1.23945			 1.25187
0.364085			 0.363952			 0.34144
0.399575			 0.40485			 0.37207
0.438127			 0.444059			 0.420553
1.06437			 1.06569			 1.08068
2.43175			 2.44175			 2.43145
0.348981			 0.3455			 0.332767
0.590785			 0.580071			 0.547704
0.204164			 0.181298			 0.211011
3.1914			 3.19961			 3.19589
4.98317			 4.98369			 4.98537
1.25923			 1.26035			 1.23302
0.711802			 0.699276			 0.740008
0.246678			 0.270148			 0.256845
3.59856			 3.60219			 3.6355
2.8839			 2.89451			 2.85316
0.381628			 0.384722			 0.339241
0.654467			 0.641179			 0.648436
0.492224			 0.492839			 0.441124
6.03031			 6.03859			 6.06502
0.462421			 0.466545			 0.504638
4.72579			 4.72468			 4.76279
1.68304			 1.68335			 1.68293
0.322291			 0.313402			 0.283393
0.426614			 0.432876			 0.414107
0.273018			 0.273264			 0.295906
1.23047			 1.2318			 1.25638
3.07877			 3.08804			 3.12304
0.426874			 0.433133			 0.45235
0.319287			 0.309998			 0.343917
0.21492			 0.237493			 0.2176
3.41671			 3.42243			 3.45746
0.545544			 0.539232			 0.49212
0.581354			 0.571387			 0.603339
0.272801			 0.27319			 0.279496
2.82616			 2.83701			 2.86899
1.54276			 1.54243			 1.57302
0.829474			 0.822714			 0.863281
0.360662			 0.3598			 0.351482
3.26249			 3.26996			 3.22784
0.636976			 0.623984			 0.583967
0.35067			 0.347575			 0.336988
0.759225			 0.748682			 0.771745
0.5051			 0.504005			 0.494331
0.705133			 0.692407			 0.683282
1.53068			 1.53034			 1.56704
2.09415			 2.10004			 2.06202
2.46487			 2.47512			 2.49848
5.00553			 5.00623			 4.97553
0.268462			 0.271916			 0.250468
0.311661			 0.301711			 0.349117
1.87505			 1.8776			 1.89243
0.242			 0.269881			 0.286378
1.53385			 1.53351			 1.56867
0.718947			 0.706662			 0.750262
0.565223			 0.556751			 0.557737
0.449462			 0.454713			 0.473667
0.559656			 0.551759			 0.585806
0.259215			 0.270464			 0.294996
1.06394			 1.06526			 1.05176
0.206903			 0.200006			 0.212013
1.96648			 1.9704			 1.92655
1.14397			 1.14566			 1.10372
0.348859			 0.345351			 0.307204
0.242114			 0.269893			 0.260608
0.232621			 0.267159			 0.269961
0.482405			 0.484273			 0.493757
0.215676			 0.239969			 0.263724
5.07287			 5.07412			 5.10085
0.733691			 0.721975			 0.723776
0.600592			 0.589203			 0.628315
0.346206			 0.342091			 0.317613
5.06409			 5.06527			 5.09777
1.00327			 1.00358			 0.975991
1.27373			 1.27474			 1.23347
0.616282			 0.60403			 0.607272
0.443033			 0.44871			 0.419016
2.29939			 2.30808			 2.32607
0.39758			 0.402674			 0.351515
0.938394			 0.936785			 0.953863
2.57843			 2.58928			 2.54142
0.79682			 0.78826			 0.813801
0.475743			 0.478416			 0.520986
0.922471			 0.920246			 0.926735
3.11873			 3.12764			 3.1663
0.221985			 0.255439			 0.225826
0.75691			 0.746254			 0.768082
0.347924			 0.344201			 0.319086
0.327338			 0.319262			 0.285641
0.201401			 0.158521			 0.196465
5.91851			 5.92657			 5.90654
4.25631			 4.25478			 4.25171
0.305549			 0.295531			 0.326496
1.40381			 1.40385			 1.45244
0.289888			 0.282233			 0.310324
0.76943			 0.759403			 0.721126
0.529651			 0.525304			 0.499668
0.534617			 0.529639			 0.511952
1.00901			 1.00946			 1.01216
2.26059			 2.26883			 2.22375
0.623148			 0.610601			 0.663569
1.00421			 1.00455			 0.998012
2.15016			 2.15689			 2.1768
0.842439			 0.836383			 0.863079
1.2939			 1.29475			 1.26752
4.38007			 4.3783			 4.34703
0.44047			 0.446288			 0.470884
1.50159			 1.50127			 1.47179
3.93059			 3.93092			 3.89036
0.910574			 0.907853			 0.917036
2.85448			 2.86522			 2.88116
0.965651			 0.964967			 0.982059
1.10205			 1.10366			 1.11651
0.39164			 0.396103			 0.368705
0.385658			 0.389348			 0.364122
1.84964			 1.85183			 1.8391
5.2744			 5.27749			 5.29086
1.03392			 1.03483			 1.05658
0.323243			 0.314495			 0.304752
1.00677			 1.00717			 0.960718
4.66158			 4.6602			 4.64755
0.223235			 0.257586			 0.243506
0.641379			 0.628286			 0.598903
0.666468			 0.653136			 0.683058
1.64198			 1.642			 1.59948
2.96806			 2.97819			 2.99727
1.39617			 1.39625			 1.43874
0.272084			 0.272951			 0.307278
0.207739			 0.205035			 0.21297
0.636924			 0.623933			 0.622053
0.683801			 0.670613			 0.632596
1.05669			 1.05792			 1.02294
0.857229			 0.851956			 0.829307
0.469518			 0.4729			 0.49728
0.268481			 0.271921			 0.297125
0.496735			 0.496757			 0.517542
0.824174			 0.817123			 0.857133
5.57775			 5.58366			 5.5343
0.337534			 0.331482			 0.34673
0.336784			 0.330571			 0.343034
1.86932			 1.87179			 1.86159
0.234794			 0.268197			 0.21482
2.14779			 2.15449			 2.1541
1.31418			 1.31487			 1.30748
0.212552			 0.228686			 0.243247
0.578511			 0.568788			 0.589351
3.54573			 3.54996			 3.56314
0.336181			 0.329839			 0.36453
0.2744			 0.273764			 0.235889
1.76193			 1.76302			 1.71601
1.44045			 1.4403			 1.41377
0.25165			 0.270199			 0.280141
1.97359			 1.97762			 1.98719
0.673111			 0.659807			 0.677537
1.58978			 1.58956			 1.57971
2.32494			 2.33392			 2.33425
0.383152			 0.386478			 0.414314
0.393728			 0.398428			 0.378473
1.4651			 1.46486			 1.47707
1.00125			 1.00153			 1.00363
4.42939			 4.42759			 4.44646
0.411662			 0.417709			 0.399415
0.349769			 0.346469			 0.392888
2.35881			 2.36816			 2.32315
0.533647			 0.528791			 0.510078
0.245229			 0.270103			 0.238472
2.37947			 2.38902			 2.33725
2.09414			 2.10004			 2.10367
3.55465			 3.55878			 3.55735
5.97901			 5.98723			 5.92963
0.22077			 0.253095			 0.272062
0.801896			 0.793615			 0.822565
1.71125			 1.71181			 1.68724
2.06951			 2.07502			 2.03689
1.67325			 1.67349			 1.64339
0.937271			 0.93562			 0.975527
0.448232			 0.453573			 0.447113
0.387196			 0.391097			 0.401495
0.196843			 0.110643			 0.167232
0.677656			 0.664391			 0.663323
3.66618			 3.66907			 3.63086
0.502713			 0.501938			 0.503168
0.290791			 0.282882			 0.344623
1.10304			 1.10465			 1.12651
0.83031			 0.823595			 0.864758
0.83997			 0.833781			 0.796495
2.54604			 2.55676			 2.5504
0.808555			 0.800642			 0.798423
0.561134			 0.553082			 0.510445
3.96732			 3.96736			 3.99081
0.729434			 0.717545			 0.689817
2.7702			 2.7812			 2.74768
1.96158			 1.96542			 1.9734
3.70924			 3.71166			 3.71073
0.302884			 0.292989			 0.345747
0.359423			 0.358291			 0.355788
0.243689			 0.270023			 0.277655
0.659327			 0.646006			 0.620995
0.271483			 0.27276			 0.262915
0.494556			 0.494865			 0.457499
2.38288			 2.39245			 2.41475
0.221016			 0.25359			 0.255111
2.76681			 2.77781			 2.73716
1.94955			 1.95321			 1.98531
3.50447			 3.50918			 3.49978
0.70847			 0.695842			 0.733144
0.535489			 0.530401			 0.57008
0.208499			 0.20935			 0.178475
0.89056			 0.886942			 0.90813
0.215116			 0.238148			 0.201659
2.48896			 2.49937			 2.50497
0.294419			 0.285646			 0.316791
1.51614			 1.51581			 1.53462
1.39524			 1.39533			 1.41916
1.06861			 1.06998			 1.03411
1.28329			 1.28423			 1.30998
0.369965			 0.371016			 0.418243
0.249486			 0.270185			 0.301803
0.607576			 0.59577			 0.642226
0.610795			 0.598815			 0.573927
6.57326			 6.57658			 6.55558
0.641344			 0.628251			 0.586966
0.320545			 0.311414			 0.333597
0.763498			 0.753169			 0.759205
0.51026			 0.508473			 0.53268
0.375424			 0.377486			 0.38993
4.57694			 4.57531			 4.53649
0.599759			 0.588423			 0.59942
0.35778			 0.356288			 0.339659
0.928594			 0.926613			 0.927738
1.12059			 1.12227			 1.09392
0.273273			 0.273354			 0.228658
0.412575			 0.418658			 0.420147
0.231624			 0.266568			 0.203454
0.203847			 0.178889			 0.18156
4.10476			 4.10389			 4.13681
0.441054			 0.446841			 0.480071
1.08609			 1.08761			 1.13073
0.222153			 0.255742			 0.258592
0.819739			 0.812444			 0.859359
1.99018			 1.99446			 2.02505
0.286008			 0.27963			 0.301677
0.323209			 0.314455			 0.305612
1.91376			 1.91687			 1.90575
0.214772			 0.236991			 0.23794
1.66077			 1.66092			 1.65143
2.63026			 2.64125			 2.65416
0.350448			 0.347302			 0.395757
1.62409			 1.62401			 1.59704
0.225563			 0.260941			 0.218152
2.12963			 2.13606			 2.10916
1.54444			 1.54411			 1.56567
0.394872			 0.399695			 0.391155
0.303506			 0.293573			 0.327425
1.35947			 1.3598			 1.40474
0.274981			 0.273986			 0.233869
0.437544			 0.443502			 0.385854
4.94473			 4.94496			 4.95885
0.526192			 0.522292			 0.501424
0.506567			 0.505275			 0.537281
1.78368			 1.78501			 1.8181
2.88084			 2.89146			 2.88151
0.193108			 0.0597771			 0.201712
0.498376			 0.49818			 0.496714
0.565984			 0.557435			 0.527297
0.304701			 0.294711			 0.289913
0.629854			 0.617068			 0.644852
0.333947			 0.327138			 0.321331
1.92211			 1.92535			 1.90395
0.36763			 0.368222			 0.346877
2.10469			 2.11074			 2.14211
4.01091			 4.01064			 3.96784
0.333848			 0.327019			 0.335987
4.4783			 4.47651			 4.47405
4.67888			 4.67757			 4.67379
0.238675			 0.269371			 0.201162
0.463208			 0.467254			 0.504625
3.42924			 3.43482			 3.40588
0.915776			 0.913276			 0.876542
6.69993			 6.70013			 6.7176
0.374082			 0.375905			 0.386771
1.50942			 1.50908			 1.55854
1.67551			 1.67577			 1.63331
1.49215			 1.49184			 1.45015
5.94033			 5.94845			 5.96687
0.754729			 0.743966			 0.709981
5.84148			 5.84922			 5.87469
0.78828			 0.779255			 0.804235
3.21105			 3.21906			 3.23767
0.217258			 0.244676			 0.202896
1.94087			 1.94439			 1.92559
0.635294			 0.622346			 0.657168
0.392991			 0.397609			 0.377219
2.11509			 2.1213			 2.08637
5.76981			 5.77715			 5.74211
0.771747			 0.761841			 0.794051
0.784578			 0.775352			 0.818376
1.57429			 1.57402			 1.60771
0.804988			 0.796878			 0.81221
0.813957			 0.806342			 0.766207
0.611736			 0.599707			 0.587853
1.96797			 1.97191			 1.92929
0.339588			 0.333983			 0.291009
0.450651			 0.455813			 0.434558
6.13122			 6.1394			 6.15323
3.99911			 3.99891			 3.95295
0.220613			 0.252772			 0.262257
4.32685			 4.32515			 4.28774
4.35314			 4.3514			 4.36086
0.292688			 0.284297			 0.297932
0.729348			 0.717456			 0.715329
0.72283			 0.710685			 0.703134
6.28281			 6.29023			 6.32787
0.320284			 0.31112			 0.300148
3.45178			 3.4571			 3.44968
0.590027			 0.57937			 0.57765
4.61106			 4.60952			 4.62844
4.59193			 4.59033			 4.60686
0.790571			 0.78167			 0.806447
4.50973			 4.50798			 4.50393
0.403079			 0.408635			 0.446572
0.609323			 0.597422			 0.628159
0.332261			 0.325111			 0.305531
0.7422			 0.730853			 0.698016
3.61146			 3.61495			 3.63902
6.65699			 6.65835			 6.68282
2.46514			 2.47539			 2.51433
0.413917			 0.420047			 0.382608
3.16753			 3.17598			 3.19369
0.253892			 0.270226			 0.264413
0.956967			 0.956006			 0.985964
1.1087			 1.11034			 1.08987
2.81642			 2.8273			 2.78894
0.449472			 0.454723			 0.494285
0.298675			 0.289191			 0.272819
0.472693			 0.475719			 0.491223
2.13474			 2.14124			 2.13211
0.992935			 0.99301			 0.979931
1.13946			 1.14115			 1.13166
1.0342			 1.03512			 1.07681
0.350557			 0.347436			 0.36199
0.405253			 0.41096			 0.423205
0.234967			 0.268267			 0.284705
0.610174			 0.598227			 0.573863
1.66514			 1.66532			 1.63491
3.19099			 3.19921			 3.16763
0.237262			 0.269029			 0.226109
0.228114			 0.26379			 0.251435
0.23099			 0.266151			 0.286522
3.0444			 3.05396			 3.03035
2.60728			 2.61822			 2.60524
0.654551			 0.641263			 0.61059
1.10511			 1.10673			 1.0943
2.60956			 2.62051			 2.57024
0.48157			 0.483541			 0.460183
1.25709			 1.25823			 1.25773
0.769596			 0.759578			 0.764618
5.3513			 5.35513			 5.3204
0.973814			 0.973374			 1.01666
5.33803			 5.34173			 5.31423
0.260003			 0.270529			 0.300642
1.03328			 1.03418			 1.02294
0.217042			 0.24407			 0.217158
0.201502			 0.159425			 0.181627
0.75126			 0.740331			 0.790869
5.59581			 5.60187			 5.58463
1.18667			 1.18826			 1.22955
1.05116			 1.05232			 1.02504
0.572317			 0.563155			 0.570567
1.71323			 1.71381			 1.71198
1.20953			 1.211			 1.20958
1.64139			 1.64141			 1.62328
5.37989			 5.38399			 5.38559
0.233853			 0.267787			 0.251562
0.523514			 0.519964			 0.552052
0.396468			 0.401455			 0.379914
1.0361			 1.03705			 1.07897
0.96219			 0.961398			 0.911525
0.206268			 0.195977			 0.224814
2.89291			 2.90348			 2.89294
0.69664			 0.683696			 0.709788
1.11962			 1.12129			 1.0738
0.196299			 0.103948			 0.177728
0.83574			 0.829322			 0.854462
3.61747			 3.62089			 3.65121
4.21206			 4.21069			 4.17757
0.543064			 0.537048			 0.557588
0.638392			 0.625366			 0.679692
1.82114			 1.82295			 1.82609
1.24624			 1.24746			 1.27206
3.80069			 3.80219			 3.84077
0.215703			 0.240054			 0.266926
4.30619			 4.30453			 4.26481
0.202326			 0.166621			 0.201238
4.60132			 4.59975			 4.62176
0.330439			 0.322934			 0.367106
0.209583			 0.215105			 0.214373
4.46232			 4.46053			 4.48864
0.450898			 0.456042			 0.417503
2.85315			 2.8639			 2.8745
2.31537			 2.32425			 2.27597
4.80212			 4.80141			 4.81157
6.37612			 6.38263			 6.35263
1.07656			 1.078			 1.12041
2.94688			 2.95714			 2.99849
3.21904			 3.22697			 3.22225
0.19047			 0.0162462			 0.200374
3.29825			 3.30532			 3.27365
0.329171			 0.321427			 0.295396
0.647299			 0.634098			 0.63314
0.7982			 0.789716			 0.793945
0.210129			 0.21784			 0.212712
0.245434			 0.270111			 0.22678
0.837929			 0.83163			 0.824187
0.280776			 0.27662			 0.313396
3.03162			 3.04129			 3.0726
5.86937			 5.87723			 5.8339
0.7295			 0.717613			 0.73121
0.541172			 0.535384			 0.498433
1.1757			 1.17733			 1.14302
1.12355			 1.12523			 1.09137
0.341894			 0.336803			 0.332027
0.335916			 0.329518			 0.376333
5.25459			 5.2575			 5.22513
2.21891			 2.2266			 2.22557
0.708484			 0.695855			 0.726209
0.546669			 0.540225			 0.564114
0.335603			 0.329139			 0.361848
0.512874			 0.510736			 0.54039
0.435206			 0.441259			 0.392951
4.53025			 4.52853			 4.55927
0.392769			 0.397363			 0.423916
5.43386			 5.43847			 5.39538
0.399935			 0.405242			 0.359521
0.376539			 0.378796			 0.420961
5.91988			 5.92794			 5.943
0.379394			 0.382132			 0.36446
1.66695			 1.66715			 1.64317
2.4888			 2.49921			 2.53583
0.314331			 0.304548			 0.311501
0.466922			 0.470584			 0.456273
0.25255			 0.270207			 0.228806
1.46718			 1.46693			 1.46929
1.30067			 1.30146			 1.2809
1.39369			 1.39378			 1.43846
3.62813			 3.63143			 3.59197
0.450193			 0.45539			 0.421561
0.794007			 0.785293			 0.802962
3.69175			 3.69436			 3.67626
0.291672			 0.283531			 0.304694
3.7198			 3.72211			 3.69839
0.402531			 0.408047			 0.427158
0.314245			 0.304455			 0.308488
0.300818			 0.29109			 0.271869
0.307482			 0.297435			 0.311204
2.55596			 2.56672			 2.51269
0.204881			 0.186541			 0.266727
0.355301			 0.353256			 0.310382
0.900343			 0.897174			 0.847945
0.625041			 0.612422			 0.578196
0.461338			 0.465568			 0.413306
0.482451			 0.484313			 0.459481
0.402603			 0.408124			 0.367441
3.66061			 3.66355			 3.62333
1.91608			 1.91923			 1.95951
0.407741			 0.413598			 0.436108
0.531696			 0.527087			 0.533503
0.550567			 0.543672			 0.593303
0.828351			 0.82153			 0.793858
0.562433			 0.554246			 0.588463
0.43841			 0.444329			 0.388993
2.53103			 2.54168			 2.57565
1.22729			 1.22864			 1.19417
2.31994			 2.32887			 2.31182
0.538245			 0.532814			 0.56265
0.595038			 0.584019			 0.551261
0.488881			 0.48993			 0.482795
1.60423			 1.60406			 1.64114
2.97346			 2.98355			 2.962
1.34272			 1.34318			 1.30048
0.451607			 0.456696			 0.40738
0.372867			 0.374467			 0.404231
0.341095			 0.335825			 0.369982
5.94296			 5.95109			 5.95143
0.446982			 0.452409			 0.486812
1.05339			 1.05459			 1.03124
0.649921			 0.636683			 0.679101
1.04617			 1.04727			 1.05197
3.66968			 3.67253			 3.68418
0.593638			 0.582717			 0.542769
5.63083			 5.63718			 5.6152
2.337			 2.34612			 2.32608
5.15767			 5.15968			 5.15358
1.35924			 1.35958			 1.31914
0.2739			 0.273578			 0.31184
1.33665			 1.33715			 1.32756
4.24498			 4.24349			 4.20868
3.45976			 3.46499			 3.46294
0.403052			 0.408607			 0.37464
0.291027			 0.283054			 0.284541
0.980454			 0.980202			 0.967981
2.46441			 2.47466			 2.43674
1.48366			 1.48337			 1.46662
4.5262			 4.52447			 4.5483
1.10966			 1.11131			 1.11978
2.13114			 2.13759			 2.11756
0.388934			 0.393064			 0.338824
0.992939			 0.993013			 0.946217
2.50659			 2.51711			 2.49954
1.15148			 1.15316			 1.13603
6.58008			 6.58326			 6.55804
0.335556			 0.329082			 0.373359
0.602365			 0.590866			 0.60858
3.00318			 3.01306			 3.0175
2.71629			 2.72736			 2.72231
0.59369			 0.582766			 0.551146
0.208865			 0.211344			 0.205625
5.95525			 5.96341			 5.99882
2.53066			 2.5413			 2.56471
6.22662			 6.23441			 6.20707
1.2338			 1.23511			 1.2708
0.240137			 0.26964			 0.254938
0.413927			 0.420057			 0.425107
0.287812			 0.280802			 0.288452
1.57161			 1.57133			 1.58291
6.30729			 6.3145			 6.29315
0.296633			 0.287451			 0.289145
1.26447			 1.26555			 1.28564
0.225056			 0.260276			 0.221404
1.42235			 1.42229			 1.42011
3.15591			 3.16447			 3.17678
1.92057			 1.92379			 1.91711
0.605762			 0.594059			 0.644622
0.607602			 0.595795			 0.579918
0.495005			 0.495255			 0.451764
0.643349			 0.630216			 0.597402
1.58142			 1.58117			 1.55892
2.2504			 2.2585			 2.24869
6.13173			 6.13991			 6.14203
1.14356			 1.14525			 1.16424
1.70982			 1.71037			 1.67494
2.51551			 2.52608			 2.50703
0.51648			 0.51386			 0.546487
0.993195			 0.993277			 0.973015
0.921528			 0.919265			 0.882622
0.351888			 0.349071			 0.384335
0.837783			 0.831476			 0.78528
0.206444			 0.197111			 0.261548
0.835698			 0.829277			 0.781876
0.484144			 0.485795			 0.520846
0.694954			 0.681972			 0.648868
0.422701			 0.428981			 0.39354
0.803026			 0.794807			 0.802238
0.270698			 0.272522			 0.318615
0.449478			 0.454728			 0.443675
0.280577			 0.276517			 0.257714
3.04138			 3.05096			 2.99762
0.572339			 0.563175			 0.559561
2.78168			 2.79265			 2.74002
0.464371			 0.468298			 0.427274
0.274587			 0.273835			 0.232507
0.264617			 0.271118			 0.319704
1.48237			 1.48208			 1.45937
0.992867			 0.99294			 0.999273
0.354222			 0.351934			 0.387404
0.919153			 0.916794			 0.867114
0.374768			 0.376714			 0.363742
2.4266			 2.43656			 2.47715
0.879054			 0.874885			 0.919405
3.60721			 3.61074			 3.59229
4.3788			 4.37703			 4.36898
2.94977			 2.96001			 2.90781
0.688774			 0.675667			 0.708123
0.267712			 0.271737			 0.227274
1.30696			 1.3077			 1.31004
0.596783			 0.585644			 0.556372
1.88141			 1.88405			 1.90263
4.81028			 4.80962			 4.79798
2.90552			 2.91602			 2.8982
1.50995			 1.50962			 1.47406
1.13698			 1.13867			 1.12867
0.5131			 0.510932			 0.505274
1.28073			 1.28168			 1.30691
1.66431			 1.66448			 1.66657
0.293597			 0.284998			 0.336936
0.478329			 0.480695			 0.51774
0.93296			 0.931147			 0.914959
Testing loss 0.000855382
Testing accuracy 0.958641
