
Predictions(GD) 	 Predictions(C) 	 True Value
3.22196			 3.20226			 3.02889
2.71679			 2.5166			 2.57753
2.418			 2.55477			 2.48623
2.37336			 1.93713			 2.06914
3.03919			 3.03404			 3.10531
2.78599			 2.79714			 2.8928
2.7227			 3.01394			 2.88821
2.71594			 2.69982			 2.59491
2.36854			 2.32356			 2.3079
2.73946			 2.94008			 2.84291
2.7259			 2.58037			 2.41507
2.42474			 2.30285			 2.24937
3.07317			 3.31768			 3.18137
2.64342			 3.00909			 3.02497
3.5551			 4.00431			 3.98411
3.29767			 3.54888			 3.50975
2.16392			 1.96963			 1.95714
2.46673			 2.51423			 2.42637
2.75718			 2.86688			 2.96222
2.69487			 2.77091			 2.79753
2.21042			 2.29294			 2.43388
2.72593			 2.82521			 2.87491
3.11964			 3.36301			 3.42195
2.31762			 2.1646			 2.15851
2.97428			 3.01933			 2.87459
2.8827			 2.91371			 2.89882
2.89426			 3.20601			 3.27291
2.63065			 2.58592			 2.52511
3.20541			 3.77646			 3.74321
3.02743			 3.25995			 3.21754
2.75155			 2.50287			 2.49291
2.18853			 1.92285			 1.94261
3.36266			 3.81212			 3.96165
2.88387			 3.06822			 3.1597
2.46246			 2.26405			 2.27449
2.31042			 1.82836			 1.96077
1.98601			 1.35689			 1.1978
2.77505			 2.82182			 3.00176
2.62788			 2.415			 2.60235
2.51071			 2.58448			 2.58489
2.49918			 2.38024			 2.21532
2.43761			 2.20977			 2.11715
2.31417			 2.08743			 2.2055
2.8088			 3.04051			 2.96091
2.87929			 3.00929			 3.04235
2.74393			 2.90284			 3.05216
2.80994			 3.02853			 3.12184
2.74513			 2.83347			 2.79974
3.03161			 3.02468			 3.07236
2.37717			 2.10276			 1.90507
2.41121			 1.92567			 1.98033
3.24894			 3.53027			 3.63931
2.65039			 2.82289			 2.71432
2.13384			 1.73696			 1.67607
3.00891			 3.31994			 3.18002
2.64898			 2.82876			 3.00572
3.42986			 3.75037			 3.76218
2.70764			 2.69336			 2.70267
3.54829			 3.96992			 3.83695
2.15502			 1.55359			 1.59129
2.58331			 2.70075			 2.71813
2.98396			 3.09557			 3.03712
2.62425			 2.67903			 2.60721
2.92823			 3.28165			 3.53207
2.77532			 3.17348			 3.18993
3.28612			 3.36786			 3.39444
3.1709			 3.44945			 3.45978
2.5432			 2.37809			 2.34395
2.30541			 2.21734			 2.32384
2.35695			 1.87322			 1.85361
3.09107			 3.40821			 3.36265
2.45961			 2.09917			 2.20531
2.76667			 2.8885			 2.93697
2.6099			 2.69258			 2.62944
2.39859			 1.82937			 1.77228
3.01538			 3.07177			 2.99758
2.33858			 2.09565			 2.18938
2.51229			 2.37045			 2.4367
2.47234			 2.31955			 2.54809
2.28526			 2.15025			 2.22877
2.85649			 2.552			 2.53058
2.53853			 2.31863			 2.42897
3.07396			 2.90352			 2.94784
2.69217			 2.5366			 2.66246
2.66503			 2.68286			 2.66868
3.07162			 3.00443			 3.01582
2.94926			 3.14099			 3.08291
3.15584			 3.31656			 3.34973
2.91335			 2.85129			 2.59457
3.02311			 3.44628			 3.53906
2.26629			 1.86738			 1.83653
2.68544			 2.43068			 2.46373
2.74921			 2.86407			 2.93873
3.03141			 3.21693			 3.349
2.30085			 2.35693			 2.3997
2.50822			 2.22815			 2.25626
2.79425			 2.76126			 2.84367
2.5832			 2.53875			 2.52166
2.70533			 3.02156			 3.17845
2.19321			 2.01502			 2.14767
2.42086			 2.33029			 2.23662
3.08285			 3.29198			 3.28226
3.03025			 3.0473			 3.11676
3.35377			 3.52243			 3.51966
2.96978			 3.00828			 3.03907
2.69819			 2.51112			 2.52086
2.69999			 3.04314			 3.09529
2.88654			 2.83601			 2.80168
2.88271			 2.8884			 2.86482
2.40573			 2.30862			 2.29815
3.34892			 3.22382			 3.26584
2.62365			 2.74802			 2.84044
2.97456			 3.52103			 3.56219
2.39312			 2.20444			 2.29917
3.31383			 3.72369			 3.77782
2.83064			 2.74781			 2.83377
3.75361			 4.24383			 4.30183
2.93159			 3.02409			 3.02419
3.24172			 3.43536			 3.46009
2.80804			 2.54553			 2.60982
3.05346			 2.95173			 2.98143
2.71655			 2.76623			 2.76586
2.28932			 1.81592			 1.59249
2.44703			 2.57539			 2.59549
2.97476			 2.82865			 2.65705
2.81539			 3.17862			 3.177
3.53998			 3.97847			 3.90048
2.59756			 2.54395			 2.36771
3.48909			 3.65254			 3.46949
3.20071			 3.63586			 3.61853
1.94275			 1.6468			 1.66862
3.04087			 3.15725			 3.12787
3.07479			 3.34264			 3.50436
3.81668			 4.08346			 4.19398
3.5288			 3.96402			 3.89081
2.17033			 2.11295			 2.06956
2.44519			 2.41007			 2.38584
2.8865			 2.73003			 2.69558
3.09342			 2.97929			 2.89928
3.11253			 3.24961			 3.29383
2.59245			 2.37546			 2.4395
1.80703			 1.2661			 1.27099
2.55786			 2.44826			 2.40559
2.31865			 2.05683			 2.02231
3.10091			 3.22001			 3.19144
2.0497			 1.58955			 1.76609
2.48246			 2.05767			 2.07667
2.30957			 2.37962			 2.42827
2.88872			 3.04807			 2.90819
3.33121			 3.69583			 3.68765
2.52686			 2.35641			 2.28086
2.36933			 2.30051			 2.23564
2.91505			 2.86759			 2.77077
3.17455			 3.61121			 3.49795
2.59015			 2.53361			 2.47762
2.94539			 3.04712			 2.96564
2.85591			 3.02254			 3.00644
2.9189			 3.05812			 2.91082
2.58688			 2.22689			 2.36467
2.70264			 2.67593			 2.64671
2.37427			 2.01645			 2.01891
2.58585			 2.50075			 2.46356
2.95415			 3.14384			 3.22526
2.7876			 3.0089			 2.86112
3.35294			 3.73276			 3.84503
3.1333			 3.04293			 3.07635
3.43262			 3.63228			 3.74288
2.65438			 2.67004			 2.66256
2.28066			 2.06429			 2.01065
3.39929			 3.52861			 3.59912
2.46807			 2.28582			 2.24277
3.05328			 2.91928			 2.77545
2.74224			 2.79834			 3.02898
2.83651			 3.33345			 3.46097
2.32397			 2.1181			 2.05405
2.79452			 2.69883			 2.72258
1.89569			 1.73144			 1.60419
2.68552			 2.4958			 2.5721
3.2443			 3.69698			 3.80738
2.4666			 2.63194			 2.73155
3.54843			 4.05322			 4.02809
2.25866			 2.25551			 2.2808
2.98757			 2.59973			 2.76432
2.3489			 2.24961			 2.28842
2.51833			 2.48574			 2.50772
2.76219			 2.62332			 2.5067
2.22801			 2.02739			 2.12094
2.96577			 2.92868			 3.06463
3.10342			 3.4613			 3.42474
2.57511			 2.54882			 2.68979
3.29371			 3.3389			 3.36511
2.93543			 2.86634			 2.87529
3.38894			 3.82954			 3.97345
2.38551			 2.23767			 2.30188
2.3998			 2.65265			 2.61873
3.2214			 3.64022			 3.50288
3.33737			 3.58571			 3.66911
2.43504			 2.38693			 2.41064
2.12968			 1.93791			 2.05674
2.60532			 2.50863			 2.53967
Testing loss 0.0736205
Testing accuracy 0.916771
